a=1.13173%
b=2.33673%
c=0.162839%
d=2.21015%
e=0.013376%
f=8.42865%
g=1.41883%
h=2.33712%
i=4.22624%
j=12.6723%
k=2.32103%
l=1.84027%
m=6.10451%
n=6.60795%
o=0.104682%
p=0.537174%
q=3.9153%
r=2.47437%
s=7.39578%
t=8.09386%
u=1.49152%
v=0.116701%
w=6.45074%
x=6.21288%
y=8.55581%
z=2.8394%

j=12.6723
y=8.55581
f=8.42865
t=8.09386
s=7.39578
n=6.60795
w=6.45074
x=6.21288
m=6.10451
i=4.22624
q=3.9153
z=2.8394
r=2.47437
h=2.33712
b=2.33673
k=2.32103
d=2.21015
l=1.84027
u=1.49152
g=1.41883
a=1.13173
p=0.537174
c=0.162839
v=0.116701
o=0.104682
e=0.013376
